100
1 60 "더몰트하우스" 0 0 2 1 37.51172544051546 127.10820776604146
2 60 "비스트로엘" 0 0 8 1 37.511570534933476 127.10801265876444
3 60 "돈블랑" 0 0 8 1 37.511304530216506 127.10767097921986
4 60 "석촌호 민물장어" 0 0 5 1 37.511125630643896 127.10742389986886
5 60 "승일참치" 0 0 9 1 37.51116493064366 127.10746495301049
6 60 "일일향" 0 0 4 1 37.511125630643846 127.10742333629341
7 60 "도요스6가" 870 1020 6 1 37.51097816255154 127.10741429986884
8 60 "니엔테" 900 1050 8 1 37.51097881948982 127.10751709697172
9 60 "불타니 한우" 0 0 3 2 37.51132132743247 127.10879167706688
10 60 "어나더 그리지 하우스" 0 0 2 2 37.51125215958855 127.10887348259584
11 60 "토닭토닭" 0 0 4 3 37.51088102030398 127.10771271025928
12 60 "멘야하나비" 840 1080 9 3 37.510972579811565 127.10777092781554
13 60 "남도한식 가시리" 0 0 1 3 37.5112522301557 127.10819470816935
14 60 "이오카츠" 0 0 8 3 37.510676403310065 127.10796013782358
15 60 "사케쇼프" 420 1080 9 4 37.510590543336576 127.10861895511879
16 10 "삼맛호오떡" 0 0 5 4 37.510447682530895 127.10853449966491
17 90 "오쓰세이로무시" 900 1050 9 4 37.51044076753748 127.108474149964
18 90 "스시랑랑" 0 0 9 5 37.51097754435962 127.10981429258104
19 90 "남한강 다슬기" 0 0 3 5 37.51065433096468 127.1105966368497
20 90 "천하일미 강정&치킨" 0 0 3 5 37.51060285580966 127.11080440836658
21 90 "감성채널" 0 0 7 5 37.51071076682971 127.1108795998689
22 90 "부부횟집" 0 0 7 5 37.51043682173142 127.11069062799163
23 90 "미엔아이" 900 1040 8 6 37.51085906371788 127.10909958980322
24 90 "빚짜" 0 0 2 6 37.51024217902286 127.10878196667203
25 90 "골목족발앤보쌈" 0 0 8 9 37.51042923625058 127.1102892493088
26 90 " 테이블 하나" 420 1020 5 10 37.51038149009263 127.11051310993781 
27 90 "효월" 0 0 4 10 37.510248089716725 127.11059212766847
28 60 "입분식" 0 0 6 10 37.50996230418516 127.1103961812092
29 100 "미자식당" 870 1050 7 10 37.509821877449504 127.11024329518551
30 100 "72420" 0 0 3 10 37.509586289434466 127.11013383572474
31 100 "큰손제주흑돼지" 0 0 9 11 37.50729601716034 127.11595734540752
32 100 "송파 나폴리" 900 1020 9 12 37.50984531969743 127.1105769621027
33 100 "갓잇" 0 0 9 14 37.50961513233518 127.11131482000668
34 100 "착한참갈비" 0 0 9 15 37.5107987868488 127.10708834295431
35 100 "킹 찌개찌개" 0 0 6 17 37.51009816853962 127.10843086756319
36 100 "이자카야 마타" 420 1080 10 17 37.51006252902583 127.10861862207199
37 100 "질할브로스" 0 0 3 17 37.510134645872625 127.10866114287762
38 100 "팔레트 커리" 0 0 3 17 37.510094648066485 127.10869516296579
39 100 "서울스낵" 900 1020 8 18 37.50999094707949 127.10881880046561
40 100 "삼방매" 900 1020 10 18 37.50998995448007 127.10881840747244
41 100 "고도식" 420 1020 6 18 37.51030474001237 127.10865234538798
42 100 "대갈 곱창&막창" 900 1020 10 18 37.50990125384447 127.10896417428984
43 60 "아도겐" 420 1020 4 19 37.50981094289858 127.10914052336976
44 60 "오복수산" 900 1020 10 20 37.50953876402873 127.10963906914628
45 60 "오레노라멘" 900 1020 9 20 37.50944225238153 127.10963747810042
46 60 "모터시티" 0 0 5 20 37.50946033694624 127.1092861087312
47 60 "클로버김밥" 0 0 4 20 37.50964406396345 127.10951585468024
48 60 "오로라" 0 0 4 20 37.50961932718521 127.10968315802268
49 60 "아스케키" 420 1020 8 20 37.509538798738255 127.10963939986891
50 80 "송가네 생선구이" 0 0 6 21 37.50949809873832 127.10965129985281
51 80 "이현스시" 0 0 8 21 37.50943627106783 127.10982829985281
52 60 "이베리코흑돼지" 0 0 8 22 37.50918349873828 127.11031051764387
53 60 "단디" 900 1020 10 22 37.509176626416256 127.11031958206176
54 60 "스시랑랑" 0 0 6 23 37.51097771941201 127.10981548044772
55 60 "러반로제 레스토랑" 900 1020 4 24 37.50992423850727 127.10587705647123
56 60 "서정적 살롱" 0 0 2 24 37.51018933164495 127.10620798446881
57 100 "릴리움" 0 0 1 24 37.50993559893478 127.1059151470728
58 100 "안동본가국밥" 0 0 8 24 37.50968801182515 127.10570688011194
59 100 "바베네" 900 1050 1 24 37.50988003303837 127.1060642844611
60 100 "오늘한밥" 0 0 1 24 37.509871977223824 127.10606656379024
61 100 "뉴질랜드 스토리" 930 1050 5 24 37.50968786682246 127.10570674612232
62 100 "모모타로" 900 1020 1 25 37.49354311512809 127.13331733942556
63 100 "바이더레이크" 420 960 3 26 37.50935555576359 127.10642395451077
64 70 "신라샤브칼국수" 0 0 3 26 37.5091328907162 127.1061694500576
65 70 "제주 몬트락" 0 0 3 26 37.49665600520778 127.13654111087178
66 70 "석촌옛터" 0 0 5 26 37.50931903814056 127.10598964620768
67 70 "빠에지노" 420 1080 5 27 37.50879559473795 127.10638052662448
68 120 "위커파크" 0 0 5 1 37.51159884790953 127.10815154666103
69 120 "보드에 바나나" 0 0 8 1 37.512148110692394 127.11303966514373
70 120 "레어마카롱" 0 0 10 2 37.511328491748124 127.10880432350453
71 120 "더 부케" 0 0 10 2 37.51135722885636 127.10865562771737
72 120 "라라브래드" 0 0 10 2 37.511098347177004 127.10909457992523
73 120 "카페 코너 574" 0 0 4 3 37.511074353008574 127.1081877298503
74 120 "경성광장" 0 0 6 3 37.510859466830766 127.1085950704211
75 120 "파티셰리도효" 0 0 5 3 37.50990016381871 127.10896424251966
76 120 "가든에이" 0 0 5 4 37.51082662086164 127.10815715913829
77 120 "젠젠" 0 0 6 4 37.51065380062046 127.10800429945175
78 120 "카페 다반" 0 0 2 6 37.50575621798725 127.10878304966563
79 120 "셔터 54" 0 0 2 7 37.51007488119473 127.10914353602675
80 120 "모카" 0 0 5 8 37.510066293222955 127.1093182452454
81 120 "더플레이스바이" 0 0 4 10 37.51033891595493 127.11046844032406
82 120 "이월로스터스" 0 0 10 10 37.508800864238324 127.11169183967473
83 120 "베르베르" 0 0 10 10 37.509735434787984 127.11024290831689
84 120 "카페단지" 0 0 10 10 37.509583688468275 127.11014032931664
85 120 "숨쉴틈" 0 0 5 10 37.50958480594212 127.11013296641273
86 120 "신양로스터스" 0 0 5 11 37.510351400480275 127.11093415124107
87 120 "감성커피" 0 0 6 12 37.51016045141913 127.11080365312186
88 120 "오뗄드니엔테" 0 0 8 13 37.50999230869001 127.11132113868945
89 120 "가배도" 0 0 9 13 37.50923118425909 127.11082501351436
90 120 "서울리즘" 0 0 9 14 37.50964283766133 127.11161797527788
91 120 "설빙" 0 0 5 15 37.510425144246256 127.10651215612816
92 120 "더 부케" 0 0 6 16 37.51135617336062 127.10865736534201
93 120 "카페 마달" 0 0 5 18 37.50983082030019 127.10862795047517
94 120 "카페 다반" 0 0 7 18 37.5057575919328 127.10878479996019
95 120 "커피렉" 0 0 7 19 37.50973537981535 127.10929938726797
96 120 "베이커온도C" 0 0 5 20 37.50964459381396 127.10951624954546
97 120 "밋치하우스" 0 0 2 21 37.509370047176134 127.10998539308716
98 120 "만옥당" 0 0 8 22 37.50927131957936 127.11018355723643
99 120 "벨라스가든" 0 0 6 24 37.51004334866571 127.10627691752225
100 120 "프레타구떼" 0 0 8 25 37.50964836682219 127.10618602931665
34
0 1 5
0 2 15
0 15 20
1 2 7
1 15 8
2 3 8
2 5 10
3 4 4
3 6 10
4 6 9
5 8 7
5 9 7
5 11 5
6 7 3
7 18 8
8 9 4
9 10 3
10 12 10
12 13 3
12 21 15
12 22 13
13 14 3
15 24 8
15 16 17
16 17 13
16 25 15
16 27 15
17 18 8
18 19 5
19 20 5
20 21 4
22 23 3
23 27 25
24 25 9